%YAML:1.0
calibration_time: "06/10/12 15:46:30"
image_width: 640
image_height: 480
board_width: 8
board_height: 6
square_size: 2.5000000372529030e-002
flags: 0
camera_matrix: !!opencv-matrix
   rows: 3
   cols: 3
   dt: d
   data: [ 8.9668527425264335e+002, 0., 1.9213653735160455e+002, 0.,
       9.4056090663006739e+002, 3.4301542365896404e+002, 0., 0., 1. ]
distortion_coefficients: !!opencv-matrix
   rows: 5
   cols: 1
   dt: d
   data: [ -2.1270332104655520e-001, 9.8557068339036907e-002,
       -1.7311546796183828e-002, -2.0364688458586540e-003,
       9.8925749196402957e-002 ]
avg_reprojection_error: 8.2661952378661940e-001
image_points: !!opencv-matrix
   rows: 10
   cols: 48
   dt: "2f"
   data: [ 2.10874969e+002, 8.58562775e+001, 2.62358887e+002,
       8.99901581e+001, 3.14913208e+002, 9.57621689e+001,
       3.69068451e+002, 1.01590530e+002, 4.23362732e+002,
       1.07404640e+002, 4.78748322e+002, 1.12722160e+002,
       5.34850708e+002, 1.19291992e+002, 5.91742249e+002,
       1.25938217e+002, 1.99134796e+002, 1.32048798e+002,
       2.51559616e+002, 1.36993530e+002, 3.05609955e+002,
       1.43487228e+002, 3.60697998e+002, 1.49502594e+002,
       4.16699768e+002, 1.55807465e+002, 4.73762329e+002,
       1.61715393e+002, 5.31574280e+002, 1.68895355e+002,
       5.89653015e+002, 1.76303238e+002, 1.86526184e+002,
       1.80184891e+002, 2.40200485e+002, 1.86230850e+002,
       2.95523468e+002, 1.93258636e+002, 3.52102386e+002,
       1.99917847e+002, 4.09454285e+002, 2.06377182e+002,
       4.68163086e+002, 2.13709320e+002, 5.27408813e+002,
       2.21554764e+002, 5.86835083e+002, 2.29302582e+002,
       1.73027237e+002, 2.31541641e+002, 2.27766220e+002,
       2.38346237e+002, 2.84433990e+002, 2.46161499e+002,
       3.42251770e+002, 2.53503250e+002, 4.01275238e+002,
       2.61444977e+002, 4.61448639e+002, 2.69344269e+002,
       5.22295654e+002, 2.77534729e+002, 5.83409119e+002,
       2.85878174e+002, 1.58993469e+002, 2.85274902e+002,
       2.14838348e+002, 2.93450073e+002, 2.72540710e+002,
       3.02052094e+002, 3.31841858e+002, 3.10683899e+002,
       3.92166992e+002, 3.19322998e+002, 4.53798798e+002,
       3.27716003e+002, 5.16337097e+002, 3.36556763e+002,
       5.78924255e+002, 3.45338165e+002, 1.43757690e+002,
       3.41617615e+002, 2.00647995e+002, 3.50901001e+002,
       2.59570007e+002, 3.60613373e+002, 3.20318146e+002,
       3.70359863e+002, 3.81981445e+002, 3.79914490e+002,
       4.45187744e+002, 3.88967285e+002, 5.09330292e+002,
       3.98503723e+002, 5.73680542e+002, 4.07956177e+002,
       2.97987823e+002, 1.23237617e+002, 3.16325897e+002,
       1.51410324e+002, 3.35351440e+002, 1.80072250e+002,
       3.55580933e+002, 2.10802094e+002, 3.77068634e+002,
       2.42854767e+002, 3.99204468e+002, 2.76406555e+002,
       4.22203583e+002, 3.11258484e+002, 4.46416260e+002,
       3.47802521e+002, 2.61292389e+002, 1.40480759e+002,
       2.78787537e+002, 1.68627182e+002, 2.97281433e+002,
       1.98345108e+002, 3.16635651e+002, 2.29460953e+002,
       3.37306519e+002, 2.62304718e+002, 3.58551575e+002,
       2.96256195e+002, 3.81072723e+002, 3.32361542e+002,
       4.04128448e+002, 3.69308777e+002, 2.24472916e+002,
       1.57741135e+002, 2.41061310e+002, 1.86365036e+002,
       2.58580688e+002, 2.16307175e+002, 2.77143951e+002,
       2.48062424e+002, 2.96977081e+002, 2.81294281e+002,
       3.17407593e+002, 3.16218262e+002, 3.38709137e+002,
       3.52828064e+002, 3.61441895e+002, 3.90975372e+002,
       1.86986954e+002, 1.75403397e+002, 2.02857407e+002,
       2.04360413e+002, 2.19569138e+002, 2.34954544e+002,
       2.37096786e+002, 2.67060150e+002, 2.55819016e+002,
       3.01103088e+002, 2.75492218e+002, 3.36900177e+002,
       2.96350250e+002, 3.74364014e+002, 3.17559235e+002,
       4.13019135e+002, 1.49730164e+002, 1.93151474e+002,
       1.64566238e+002, 2.22704605e+002, 1.80312881e+002,
       2.53617493e+002, 1.97011658e+002, 2.86414368e+002,
       2.15008606e+002, 3.21464539e+002, 2.33591766e+002,
       3.57617584e+002, 2.53072952e+002, 3.95619934e+002,
       2.73782166e+002, 4.35109528e+002, 1.11902489e+002,
       2.11537018e+002, 1.25911957e+002, 2.41431488e+002,
       1.40652634e+002, 2.73343353e+002, 1.56473755e+002,
       3.06575958e+002, 1.73267807e+002, 3.41959473e+002,
       1.90850723e+002, 3.78506592e+002, 2.09607468e+002,
       4.17225830e+002, 2.28699539e+002, 4.57105591e+002,
       2.87726593e+002, 4.80744972e+001, 3.28138031e+002,
       5.13129120e+001, 3.68585602e+002, 5.45148087e+001,
       4.10408142e+002, 5.76996040e+001, 4.52664673e+002,
       6.10459328e+001, 4.94578064e+002, 6.43033981e+001,
       5.38150269e+002, 6.78447800e+001, 5.80854126e+002,
       7.07864838e+001, 2.80969269e+002, 8.46821442e+001,
       3.21885956e+002, 8.81217804e+001, 3.63348236e+002,
       9.10133438e+001, 4.05532318e+002, 9.48325958e+001,
       4.48359802e+002, 9.81700897e+001, 4.91105621e+002,
       1.01655556e+002, 5.35052612e+002, 1.04987579e+002,
       5.78130188e+002, 1.09198128e+002, 2.74166626e+002,
       1.22131668e+002, 3.15556641e+002, 1.25521690e+002,
       3.57314941e+002, 1.28876968e+002, 4.00269806e+002,
       1.32662949e+002, 4.43589111e+002, 1.36275986e+002,
       4.87324615e+002, 1.39756073e+002, 5.31271973e+002,
       1.44590591e+002, 5.75830200e+002, 1.47778702e+002,
       2.66852051e+002, 1.60688019e+002, 3.08771942e+002,
       1.64481491e+002, 3.51439789e+002, 1.68024445e+002,
       3.94973175e+002, 1.72219604e+002, 4.38623260e+002,
       1.76144363e+002, 4.82894043e+002, 1.80637939e+002,
       5.27394897e+002, 1.84575516e+002, 5.73160095e+002,
       1.89083145e+002, 2.59891724e+002, 2.00761032e+002,
       3.02286896e+002, 2.04342911e+002, 3.45471375e+002,
       2.08883240e+002, 3.89101227e+002, 2.12724945e+002,
       4.34103546e+002, 2.17561676e+002, 4.78620239e+002,
       2.21730850e+002, 5.23977600e+002, 2.26570129e+002,
       5.69988708e+002, 2.29976105e+002, 2.52463470e+002,
       2.41826630e+002, 2.95254059e+002, 2.46378128e+002,
       3.38824249e+002, 2.50793854e+002, 3.83569122e+002,
       2.55251572e+002, 4.28421936e+002, 2.60152069e+002,
       4.73944855e+002, 2.64611664e+002, 5.19599121e+002,
       2.69453064e+002, 5.66040466e+002, 2.73768188e+002,
       3.22112579e+002, 1.50565262e+002, 3.61496307e+002,
       1.57273621e+002, 4.01609161e+002, 1.64395462e+002,
       4.42568115e+002, 1.70953781e+002, 4.84370911e+002,
       1.78536118e+002, 5.25648438e+002, 1.85335022e+002,
       5.68216919e+002, 1.92580338e+002, 6.10858643e+002,
       1.99361908e+002, 3.12088745e+002, 1.85910568e+002,
       3.52270905e+002, 1.93299988e+002, 3.93060455e+002,
       2.00315231e+002, 4.34807434e+002, 2.07877075e+002,
       4.76960114e+002, 2.14952362e+002, 5.19356934e+002,
       2.22519928e+002, 5.62509521e+002, 2.29983826e+002,
       6.05664612e+002, 2.37583496e+002, 3.01786682e+002,
       2.22947372e+002, 3.42536774e+002, 2.30247513e+002,
       3.84043701e+002, 2.38037567e+002, 4.26346069e+002,
       2.45291809e+002, 4.69358795e+002, 2.52933548e+002,
       5.12557617e+002, 2.60574310e+002, 5.56181213e+002,
       2.69123566e+002, 6.00371765e+002, 2.76477386e+002,
       2.91093536e+002, 2.61188477e+002, 3.32311462e+002,
       2.69267426e+002, 3.74487427e+002, 2.76692627e+002,
       4.17690002e+002, 2.84750732e+002, 4.61282745e+002,
       2.92623505e+002, 5.05107025e+002, 3.01428802e+002,
       5.49380371e+002, 3.09370300e+002, 5.94489075e+002,
       3.17647186e+002, 2.79970551e+002, 3.00880951e+002,
       3.21895142e+002, 3.08961517e+002, 3.64658539e+002,
       3.17445923e+002, 4.08415863e+002, 3.25472870e+002,
       4.52940033e+002, 3.34336426e+002, 4.97350891e+002,
       3.42693573e+002, 5.42401611e+002, 3.51505157e+002,
       5.88237549e+002, 3.59542267e+002, 2.68536774e+002,
